MEME version 4

ALPHABET= ACDEFGHIKLMNPQRSTVWY

Background letter frequencies
A 0.078 C 0.020 D 0.062 E 0.065 F 0.044 G 0.070 H 0.016 I 0.056 K 0.067 
L 0.080 M 0.020 N 0.044 P 0.028 Q 0.042 R 0.056 S 0.078 T 0.062 V 0.071 
W 0.012 Y 0.030 

MOTIF IGVDF
letter-probability matrix: alength= 20 w= 5 nsites= 1178 E= 1.3e-2155 
0.000849  0.000000  0.000000  0.000849  0.001698  0.000000  0.000000  0.810696  0.000000  0.027165  0.002547  0.000000  0.000000  0.000000  0.000000  0.001698  0.002547  0.150255  0.000849  0.000849 
0.002547  0.001698  0.001698  0.000849  0.000000  0.977929  0.000849  0.000000  0.001698  0.005942  0.000000  0.000000  0.000000  0.000000  0.001698  0.002547  0.000000  0.002547  0.000000  0.000000 
0.169779  0.000000  0.000000  0.000000  0.000000  0.000000  0.000000  0.206282  0.000000  0.011885  0.005093  0.000000  0.000000  0.000000  0.000000  0.001698  0.000000  0.605263  0.000000  0.000000 
0.101019  0.000000  0.646859  0.225806  0.000000  0.001698  0.000000  0.000000  0.000000  0.000849  0.000000  0.000849  0.000000  0.000849  0.000000  0.021222  0.000849  0.000000  0.000000  0.000000 
0.000000  0.000849  0.000849  0.000000  0.969440  0.000000  0.000000  0.001698  0.000000  0.003396  0.000000  0.000000  0.000849  0.000000  0.000000  0.000000  0.000000  0.000849  0.000000  0.022071 

MOTIF KLQIW
letter-probability matrix: alength= 20 w= 5 nsites= 1293 E= 3.3e-2685 
0.025582  0.000789  0.002368  0.001597  0.000034  0.000827  0.026308  0.001590  0.625728  0.006249  0.006203  0.028649  0.000022  0.015500  0.147762  0.019395  0.080481  0.010883  0.000009  0.000023 
0.089774  0.001562  0.000048  0.000050  0.092842  0.000827  0.000012  0.025565  0.000825  0.713132  0.035592  0.000034  0.002342  0.001579  0.000043  0.002381  0.001595  0.020937  0.000009  0.010851 
0.030222  0.001562  0.004689  0.103685  0.000034  0.007788  0.005426  0.000043  0.000825  0.005476  0.015484  0.007768  0.000795  0.760280  0.001590  0.032543  0.021703  0.000055  0.000009  0.000023 
0.001547  0.000773  0.000000  0.000000  0.006187  0.000000  0.000773  0.652746  0.000000  0.266821  0.007734  0.001547  0.000000  0.000773  0.000000  0.000000  0.001547  0.059551  0.000000  0.000000 
0.000000  0.000000  0.000773  0.000773  0.000000  0.002320  0.000773  0.000000  0.000000  0.000000  0.000000  0.000000  0.000000  0.000000  0.000000  0.000773  0.000000  0.000000  0.993039  0.001547 

MOTIF RFxxxT
letter-probability matrix: alength= 20 w= 6 nsites= 1156 E= 4.4e-2039 
0.002595  0.001730  0.000000  0.001730  0.000000  0.000000  0.000000  0.000865  0.007785  0.000000  0.000000  0.000000  0.000000  0.004325  0.942042  0.031142  0.006055  0.000865  0.000000  0.000865 
0.000000  0.000865  0.000000  0.000000  0.780277  0.000000  0.000000  0.000000  0.000865  0.000865  0.000000  0.000000  0.000000  0.000000  0.000000  0.001730  0.000000  0.005190  0.000000  0.210208 
0.017368  0.003477  0.001784  0.007841  0.000038  0.038988  0.096899  0.000913  0.075317  0.010450  0.000883  0.014744  0.000024  0.067510  0.644512  0.009583  0.006974  0.001792  0.000010  0.000891 
0.148856  0.019913  0.000054  0.000056  0.000903  0.006116  0.004339  0.000048  0.002653  0.001799  0.000018  0.034640  0.000024  0.000901  0.000048  0.505258  0.272545  0.000062  0.001741  0.000026 
0.000067  0.000017  0.000919  0.000056  0.000903  0.000060  0.000014  0.427384  0.000058  0.370311  0.096903  0.000038  0.000024  0.000036  0.000048  0.000068  0.000919  0.102138  0.000010  0.000026 
0.135015  0.000882  0.000054  0.000056  0.000038  0.064939  0.024235  0.064062  0.000923  0.002664  0.002613  0.001768  0.001754  0.000036  0.019945  0.045050  0.620296  0.015633  0.000010  0.000026 

MOTIF YYRGA
letter-probability matrix: alength= 20 w= 5 nsites= 1349 E= 8.2e-2766 
0.003706  0.000741  0.000000  0.000741  0.114159  0.000741  0.006672  0.001483  0.000741  0.001483  0.001483  0.002224  0.001483  0.000000  0.001483  0.000741  0.000741  0.000741  0.000741  0.859896 
0.002224  0.011861  0.000000  0.004448  0.085248  0.001483  0.003706  0.052632  0.001483  0.003706  0.002224  0.000000  0.000000  0.001483  0.000000  0.013343  0.000000  0.000741  0.000741  0.814678 
0.000741  0.000741  0.000000  0.000000  0.003706  0.000000  0.021497  0.000000  0.052632  0.000741  0.000741  0.000000  0.000000  0.000000  0.913269  0.000000  0.000741  0.000000  0.000000  0.005189 
0.010378  0.000741  0.119348  0.034099  0.006672  0.607858  0.000000  0.000000  0.032617  0.000741  0.001483  0.111935  0.000741  0.008895  0.017050  0.040771  0.000741  0.002224  0.000000  0.003706 
0.797628  0.006672  0.000000  0.000000  0.000000  0.006672  0.001483  0.000741  0.000000  0.000741  0.002965  0.001483  0.001483  0.000000  0.000741  0.129726  0.022980  0.026686  0.000000  0.000000 

MOTIF LVYDIT
letter-probability matrix: alength= 20 w= 6 nsites= 1288 E= 2.7e-3197 
0.001613  0.008556  0.000048  0.000050  0.027985  0.000054  0.000012  0.140571  0.000052  0.577702  0.018649  0.000034  0.000022  0.000032  0.000044  0.000837  0.002378  0.219776  0.000009  0.001576 
0.028727  0.036491  0.000000  0.000000  0.003106  0.000000  0.000000  0.023292  0.000000  0.058230  0.052795  0.000000  0.000000  0.000000  0.000000  0.000776  0.025621  0.770963  0.000000  0.000000 
0.000000  0.000776  0.000000  0.000000  0.184006  0.000000  0.000000  0.000776  0.000000  0.002329  0.000776  0.000000  0.000000  0.000000  0.000000  0.000776  0.000000  0.000000  0.000000  0.810559 
0.000776  0.000000  0.989907  0.000776  0.000000  0.000000  0.000776  0.000000  0.000000  0.000000  0.000000  0.001553  0.000000  0.000000  0.000000  0.006211  0.000000  0.000000  0.000000  0.000000 
0.005435  0.005435  0.000000  0.000000  0.000776  0.000000  0.000000  0.493012  0.000000  0.078416  0.012422  0.000000  0.000000  0.000776  0.000000  0.003882  0.013975  0.385870  0.000000  0.000000 
0.027174  0.007764  0.000000  0.000000  0.000000  0.003106  0.000000  0.000000  0.000776  0.000776  0.000776  0.033385  0.000000  0.008540  0.001553  0.111025  0.805124  0.000000  0.000000  0.000000 

